,xuwmu-s-v-—wvwvv-w--w-v-v- -

οι *Da* hun-0· ⁴⁸02· fluv·-

818 111211- 88 TARGYMUTATO.

Rota Bernardino kapitainy Mans-

feld 8818881181) 185, 215, 216,
218.

11088881 J akab Bethlen 681101· 1·ιό-
vete 8 μοι-18118188 01082018κὲ8-
ban 23,781. '

Buasdorf 170, 208.

Buzini Domenioo ’01880181 podesta
jelentesei 235.

Sabadini Erana-8800 1 1 6.

88ᾶ181Ε111ὂρ sved k6vet 197, 204,
212.

881 Mihaly 422.

8811111818 295.

Savoya 7, 45, 146,227,236,294,
384,374,540.

80111101( 8161 08211811 1118178281· 412,
428,437,438. ’ “

Sohlick Bethlen Gabor foglya 446.

Schwarzemberg 81·όί 392, 444. ·

881838νο 116, 118, 121, 218.

8811811100 221, 223.

888118 123.

88111811 vajda 492, 506.

skander 1188 459, 461, 462, 465,
467,469,471,477,487,511.

Skotok 185.

8118111181γ, Bethlen 681101· k6vete
157,17ο.

811101811811 194.

Soproni grymi-s 177, 244, 251, 253,
254, 258, 257, 282, 284, 270,
275, 281, 288, 288, 380, 381,
382, 384, 888, 387, 388, 809,
818,815,817,818.

80811188 11810288 373.

Spalatoi 0011188 17, 30, 32, 81, 97,
105, 108, 108, 112, 114, 120,
143, 144, 180, 185, 214, 218,
222,231.

8ρ811γο183811189011 1389111811 681101·-
11811 728.

Spanyol bkkeajxinlatok 8 1101181181(
525.

Spanyol kiraly 375.

Spanyolkzsvet 243, 288, 287, 298,
3175854,387,371,380.

Spanyolok 45, 61, 70, 82, 96, 125,
132, 152, 160, 162—164, 183,
203, 208, 210, 211, 232, 289,
246, 253, 286, 299.

8118113101018288 335, 344, 363, 404,
419, 482, 518, 580, 583, 592,
598,825,874,888,731.

Spanyolorszfig 88 a porta. 545, 611.

Spanyol-tbrbk 118118 633.

8118118 81186, kbvet Londonban 799.

Spinelli Carlo 246.

89111018 293.

818381018288 193, 252, 276, 282,
818,435.

8118118110 1181028886 360.

81101281· 08882811 iigynbk 329, 331,
474,484,488,493,511,518.

Strassburg Pal kapit-'any Bet-hlen
681101· 11017818 Thurn grbfhoz 12,
15,16,170,185, 187,190, 192,
208,208,213.

strasoldo 0821181( 178281· 364.

Suasemberg 81·όί brandemburgi
miniszter Bethlen (1811011181 622.

811111081- 888 Bethlem (181101- dra-
80818ῃῇ8 88 magyar 80181808
Konstantinfipolyban 161, 163,
582, 588, 588, 594, 807, 770,
77 8.

Svajcz 45, 121, 300.

87811 lxix-§.ly 148, 157, 171, 174,
188, 191, 193, 194, 198,’204,
209,212,377,418,840,870.

817811 kbvet Bethlen (1811011181 763,
791.

878ᾶο18288 408, 411, 587, 759, 780.
817811- 88 Ιι888γ81018288 789, 799.
8ν8ᾶ 88188 407, 408, 409.

Szarvasmarha kivitel Magyaror·
82881161 Ὓ81811028118 79.

82882 11810288 108, 121, 295, 314,
357, 362, 37⁴3, 423.

